1,82
2,82
3,82
4,82
5,82
6,82
7,82
8,82
9,82
10,82
11,44
12,44
13,44
14,82
15,82
16,82
17,44
18,44
19,82
20,44
21,82
22,44
23,44
24,44
25,44
26,82
27,82
28,82
29,82
30,82
31,82
32,82
33,82
34,82
35,82
36,82
37,44
38,44
39,82
40,82
41,82
42,44
43,44
44,71
45,71
46,71
47,71
48,71
49,71
50,71
51,71
52,71
53,71
54,71
55,71
56,71
57,71
58,71
59,71
60,71
61,71
62,71
63,71
64,71
65,71
66,71
67,71
68,71
69,71
70,71
71,71
72,71
73,71
74,71
75,71
76,71
77,71
78,13
79,13
80,13
81,13
82,13
83,13
84,13
85,13
86,13
87,13
88,13
89,13
90,13
91,13
92,13
93,13
94,13
95,13
96,13
97,13
98,13
99,13
100,13
101,13
102,13
103,13
104,13
105,13
106,13
107,13
108,13
109,13
110,13
111,50
112,13
113,13
114,13
115,13
116,13
117,13
118,13
119,13
120,50
121,50
122,13
123,13
124,13
125,13
126,13
127,13
128,13
129,13
130,13
131,13
132,13
133,13
134,13
135,13
136,13
137,13
138,13
139,13
140,13
141,13
142,13
143,13
144,13
145,13
146,13
147,13
148,13
149,13
150,13
151,13
152,13
153,13
154,13
155,13
156,71
157,71
158,71
159,71
160,71
161,71
162,71
163,71
164,71
165,71
166,71
167,71
168,71
169,71
170,71
171,71
172,71
173,71
174,71
175,71
176,71
177,71
178,71
179,71
180,71
181,71
182,71
183,71
184,71
185,71
186,71
187,71
188,71
189,71
190,71
191,71
192,71
193,60
194,60
195,60
196,60
197,60
198,60
199,98
200,98
201,60
202,98
203,2
204,2
205,2
206,2
207,2
208,2
209,2
210,2
211,2
212,2
213,2
214,2
215,94
216,94
217,94
218,94
219,94
220,94
221,94
222,94
223,94
224,94
225,98
226,98
227,98
228,98
229,98
230,98
231,98
232,98
233,98
234,98
235,98
236,98
237,98
238,98
239,98
240,98
241,98
242,98
243,98
244,98
245,98
246,98
247,98
248,98
249,98
250,98
251,94
252,94
253,94
254,94
255,94
256,94
257,94
258,94
259,94
260,94
261,94
262,94
263,60
264,60
265,60
266,60
267,94
268,94
269,94
270,60
271,60
272,94
273,60
274,60
275,60
276,60
277,60
278,60
279,2
280,60
281,60
282,60
283,2
284,2
285,2
286,60
287,60
288,60
289,60
290,60
291,2
292,60
293,2
294,2
295,2
296,2
297,2
298,94
299,94
300,94
301,2
302,71
303,2
304,2
305,2
306,2
307,2
308,2
309,2
310,2
311,98
312,98
313,2
314,2
315,2
316,2
317,2
318,2
319,87
320,87
321,87
322,87
323,2
324,2
325,2
326,2
327,87
328,87
329,2
330,94
331,94
332,98
333,98
334,98
335,98
336,98
337,98
338,98
339,98
340,98
341,98
342,98
343,98
344,98
345,98
346,98
347,98
348,98
349,98
350,98
351,98
352,98
353,87
354,87
355,87
356,87
357,87
358,87
359,87
360,98
361,98
362,98
363,94
364,94
365,94
366,94
367,87
368,87
369,87
370,87
371,87
372,87
373,87
374,87
375,98
376,98
377,98
378,98
379,98
380,98
381,74
382,74
383,74
384,74
385,74
386,74
387,74
388,74
389,74
390,74
391,74
392,74
393,74
394,74
395,74
396,74
397,74
398,74
399,74
400,74
401,74
402,74
403,74
404,74
405,74
406,74
407,74
408,59
409,59
410,59
411,59
412,59
413,59
414,59
415,59
416,59
417,59
418,59
419,59
420,59
421,59
422,59
423,59
424,59
425,59
426,59
427,59
428,59
429,59
430,59
431,59
432,59
433,59
434,59
435,59
436,59
437,59
438,59
439,59
440,59
441,59
442,59
443,59
444,59
445,59
446,59
447,59
448,59
449,15
450,15
451,15
452,15
453,15
454,15
455,15
456,15
457,15
458,15
459,15
460,15
461,15
462,15
463,15
464,15
465,15
466,15
467,15
468,15
469,15
470,15
471,15
472,15
473,15
474,15
475,15
476,15
477,15
478,15
479,15
480,15
481,15
482,15
483,15
484,15
485,15
486,15
487,15
488,15
489,15
490,15
491,15
492,15
493,15
494,15
495,78
496,15
497,15
498,15
499,15
500,15
501,78
502,78
503,78
504,78
505,78
506,78
507,78
508,78
509,15
510,15
511,15
512,15
513,15
514,15
515,15
516,15
517,15
518,15
519,15
520,15
521,50
522,50
523,50
524,50
525,50
526,50
527,50
528,50
529,50
530,50
531,50
532,50
533,50
534,50
535,50
536,50
537,50
538,50
539,50
540,50
541,50
542,50
543,50
544,58
545,50
546,50
547,50
548,50
549,50
550,50
551,50
552,50
553,50
554,50
555,50
556,50
557,50
558,58
559,58
560,58
561,58
562,50
563,50
564,50
565,50
566,50
567,50
568,50
569,58
570,50
571,50
572,50
573,50
574,50
575,50
576,50
577,50
578,50
579,50
580,58
581,50
582,58
583,58
584,58
585,58
586,58
587,50
588,50
589,50
590,50
591,50
592,50
593,50
594,50
595,50
596,50
597,50
598,50
599,50
600,50
601,50
602,50
603,58
604,58
605,58
606,50
607,50
608,84
609,84
610,84
611,84
612,84
613,84
614,50
615,84
616,84
617,84
618,84
619,84
620,84
621,84
622,84
623,84
624,84
625,84
626,50
627,84
628,84
629,84
630,84
631,84
632,84
633,84
634,84
635,84
636,50
637,84
638,84
639,84
640,84
641,84
642,84
643,84
644,84
645,84
646,84
647,84
648,84
649,84
650,84
651,84
652,84
653,84
654,84
655,84
656,50
657,84
658,84
659,84
660,84
661,84
662,84
663,84
664,84
665,84
666,84
667,50
668,50
669,50
670,84
671,84
672,84
673,50
674,50
675,50
676,50
677,50
678,50
679,50
680,84
681,29
682,84
683,84
684,84
685,84
686,84
687,84
688,50
689,50
690,84
691,84
692,44
693,44
694,44
695,44
696,10
697,10
698,10
699,10
700,10
701,10
702,10
703,10
704,10
705,10
706,10
707,10
708,44
709,44
710,44
711,10
712,10
713,10
714,44
715,10
716,10
717,10
718,44
719,44
720,44
721,44
722,44
723,44
724,44
725,44
726,44
727,44
728,44
729,44
730,44
731,44
732,44
733,44
734,44
735,44
736,44
737,44
738,44
739,10
740,44
741,44
742,44
743,44
744,44
745,44
746,44
747,44
748,44
749,44
750,44
751,44
752,44
753,44
754,44
755,44
756,44
757,44
758,44
759,44
760,44
761,44
762,10
763,10
764,10
765,10
766,10
767,10
768,10
769,44
770,44
771,44
772,44
773,44
774,44
775,44
776,44
777,44
778,44
779,44
780,44
781,65
782,65
783,65
784,65
785,65
786,65
787,65
788,65
789,65
790,65
791,65
792,65
793,65
794,65
795,65
796,65
797,65
798,65
799,50
800,50
801,50
802,15
803,78
804,65
805,65
806,65
807,65
808,65
809,65
810,65
811,65
812,65
813,65
814,65
815,65
816,65
817,65
818,65
819,32
820,32
821,86
822,86
823,27
824,27
825,27
826,27
827,27
828,37
829,0
830,0
831,86
832,86
833,41
834,41
835,41
836,41
837,45
838,45
839,0
840,41
841,37
842,37
843,32
844,32
845,32
846,32
847,45
848,45
849,45
850,45
851,45
852,45
853,45
854,45
855,45
856,45
857,45
858,45
859,45
860,45
861,45
862,45
863,45
864,45
865,45
866,45
867,27
868,27
869,27
870,27
871,27
872,27
873,27
874,27
875,27
876,41
877,27
878,45
879,45
880,45
881,45
882,45
883,41
884,41
885,41
886,41
887,41
888,41
889,41
890,41
891,41
892,41
893,41
894,41
895,41
896,41
897,41
898,41
899,41
900,41
901,41
902,41
903,41
904,41
905,32
906,32
907,32
908,32
909,32
910,32
911,45
912,45
913,0
914,0
915,45
916,45
917,45
918,32
919,72
920,72
921,72
922,72
923,72
924,72
925,72
926,72
927,72
928,72
929,72
930,72
931,72
932,72
933,0
934,72
935,72
936,72
937,72
938,0
939,0
940,0
941,0
942,0
943,0
944,0
945,0
946,0
947,0
948,0
949,0
950,0
951,45
952,45
953,0
954,0
955,0
956,0
957,0
958,0
959,0
960,0
961,0
962,0
963,0
964,0
965,0
966,0
967,0
968,0
969,0
970,0
971,37
972,37
973,37
974,0
975,37
976,37
977,37
978,37
979,37
980,37
981,37
982,37
983,37
984,37
985,37
986,37
987,37
988,37
989,37
990,37
991,37
992,37
993,37
994,37
995,37
996,37
997,42
998,42
999,42
1000,42
1001,42
1002,42
1003,42
1004,42
1005,42
1006,42
1007,42
1008,42
1009,42
1010,42
1011,72
1012,72
1013,42
1014,42
1015,72
1016,1
1017,72
1018,42
1019,42
1020,42
1021,42
1022,72
1023,72
1024,72
1025,72
1026,72
1027,72
1028,72
1029,1
1030,1
1031,1
1032,1
1033,1
1034,1
1035,1
1036,1
1037,1
1038,42
1039,1
1040,86
1041,1
1042,1
1043,1
1044,1
1045,1
1046,1
1047,1
1048,1
1049,1
1050,1
1051,1
1052,1
1053,1
1054,1
1055,1
1056,86
1057,86
1058,86
1059,86
1060,86
1061,86
1062,86
1063,86
1064,37
1065,72
1066,86
1067,86
1068,86
1069,1
1070,37
1071,86
1072,86
1073,86
1074,86
1075,0
1076,86
1077,86
1078,37
1079,86
1080,0
1081,0
1082,0
1083,0
1084,0
1085,0
1086,0
1087,37
1088,0
1089,86
1090,86
1091,72
1092,86
1093,1
1094,37
1095,86
1096,1
1097,37
1098,37
1099,86
1100,86
1101,37
1102,86
1103,37
1104,72
1105,72
1106,72
1107,72
1108,72
1109,72
1110,72
1111,72
1112,37
1113,37
1114,45
1115,45
1116,45
1117,45
1118,45
1119,27
1120,27
1121,27
1122,27
1123,27
1124,45
1125,45
1126,27
1127,27
1128,27
1129,27
1130,27
1131,27
1132,27
1133,27
1134,27
1135,27
1136,27
1137,27
1138,27
1139,27
1140,27
1141,27
1142,27
1143,27
1144,27
1145,27
1146,27
1147,27
1148,27
1149,27
1150,27
1151,27
1152,27
1153,27
1154,86
1155,0
1156,0
1157,0
1158,0
1159,0
1160,0
1161,0
1162,0
1163,0
1164,0
1165,86
1166,86
1167,86
1168,86
1169,86
1170,86
1171,86
1172,86
1173,86
1174,86
1175,86
1176,45
1177,45
1178,45
1179,45
1180,45
1181,45
1182,45
1183,45
1184,45
1185,45
1186,45
1187,45
1188,45
1189,45
1190,45
1191,45
1192,45
1193,86
1194,45
1195,45
1196,45
1197,45
1198,86
1199,32
1200,27
1201,27
1202,45
1203,45
1204,42
1205,42
1206,86
1207,86
1208,27
1209,27
1210,27
1211,45
1212,45
1213,45
1214,45
1215,32
1216,45
1217,45
1218,45
1219,45
1220,45
1221,45
1222,45
1223,45
1224,45
1225,45
1226,41
1227,41
1228,41
1229,41
1230,41
1231,41
1232,41
1233,41
1234,41
1235,41
1236,41
1237,41
1238,41
1239,41
1240,41
1241,41
1242,41
1243,41
1244,41
1245,41
1246,41
1247,41
1248,41
1249,41
1250,41
1251,41
1252,41
1253,45
1254,45
1255,45
1256,27
1257,86
1258,86
1259,86
1260,86
1261,86
1262,86
1263,86
1264,86
1265,86
1266,86
1267,86
1268,86
1269,86
1270,41
1271,41
1272,27
1273,27
1274,27
1275,27
1276,27
1277,27
1278,27
1279,27
1280,37
1281,27
1282,27
1283,27
1284,37
1285,37
1286,27
1287,27
1288,27
1289,41
1290,41
1291,41
1292,41
1293,41
1294,41
1295,41
1296,41
1297,41
1298,27
1299,72
1300,1
1301,86
1302,27
1303,45
1304,41
1305,41
1306,41
1307,38
1308,38
1309,38
1310,38
1311,10
1312,10
1313,10
1314,10
1315,10
1316,10
1317,10
1318,10
1319,10
1320,10
1321,10
1322,10
1323,10
1324,10
1325,10
1326,10
1327,10
1328,10
1329,10
1330,10
1331,10
1332,10
1333,10
1334,10
1335,10
1336,10
1337,93
1338,10
1339,10
1340,10
1341,10
1342,93
1343,93
1344,54
1345,54
1346,10
1347,10
1348,38
1349,38
1350,10
1351,10
1352,10
1353,10
1354,10
1355,10
1356,10
1357,54
1358,54
1359,54
1360,54
1361,10
1362,10
1363,10
1364,10
1365,10
1366,10
1367,10
1368,54
1369,54
1370,54
1371,54
1372,54
1373,54
1374,54
1375,54
1376,54
1377,54
1378,54
1379,10
1380,10
1381,10
1382,10
1383,10
1384,10
1385,38
1386,38
1387,93
1388,93
1389,93
1390,93
1391,93
1392,93
1393,93
1394,93
1395,54
1396,54
1397,54
1398,54
1399,54
1400,10
1401,10
1402,10
1403,10
1404,10
1405,10
1406,10
1407,10
1408,54
1409,10
1410,10
1411,10
1412,10
1413,10
1414,54
1415,54
1416,10
1417,10
1418,54
1419,54
1420,54
1421,54
1422,54
1423,93
1424,93
1425,93
1426,93
1427,93
1428,93
1429,93
1430,93
1431,93
1432,93
1433,10
1434,10
1435,38
1436,38
1437,38
1438,38
1439,38
1440,38
1441,38
1442,93
1443,93
1444,93
1445,93
1446,93
1447,93
1448,93
1449,93
1450,93
1451,93
1452,10
1453,10
1454,10
1455,66
1456,66
1457,66
1458,66
1459,66
1460,66
1461,66
1462,66
1463,66
1464,66
1465,66
1466,66
1467,66
1468,66
1469,66
1470,66
1471,66
1472,66
1473,66
1474,66
1475,66
1476,66
1477,66
1478,66
1479,66
1480,66
1481,66
1482,66
1483,66
1484,66
1485,66
1486,66
1487,66
1488,66
1489,66
1490,66
1491,66
1492,66
1493,66
1494,66
1495,66
1496,66
1497,66
1498,66
1499,66
1500,66
1501,66
1502,66
1503,66
1504,66
1505,66
1506,66
1507,66
1508,66
1509,66
1510,66
1511,66
1512,66
1513,66
1514,66
1515,66
1516,66
1517,66
1518,66
1519,66
1520,73
1521,73
1522,73
1523,73
1524,73
1525,73
1526,73
1527,73
1528,73
1529,73
1530,73
1531,73
1532,73
1533,73
1534,73
1535,73
1536,73
1537,73
1538,73
1539,73
1540,73
1541,73
1542,73
1543,73
1544,73
1545,73
1546,73
1547,73
1548,73
1549,73
1550,73
1551,73
1552,73
1553,73
1554,73
1555,73
1556,73
1557,73
1558,73
1559,73
1560,73
1561,73
1562,73
1563,73
1564,73
1565,73
1566,73
1567,73
1568,73
1569,73
1570,73
1571,73
1572,73
1573,73
1574,73
1575,73
1576,73
1577,73
1578,73
1579,73
1580,73
1581,73
1582,73
1583,26
1584,26
1585,26
1586,26
1587,26
1588,26
1589,26
1590,26
1591,26
1592,26
1593,26
1594,26
1595,26
1596,26
1597,26
1598,26
1599,26
1600,26
1601,26
1602,26
1603,26
1604,26
1605,26
1606,26
1607,26
1608,26
1609,26
1610,26
1611,26
1612,26
1613,26
1614,26
1615,26
1616,26
1617,26
1618,26
1619,26
1620,26
1621,26
1622,26
1623,26
1624,26
1625,26
1626,26
1627,26
1628,26
1629,26
1630,26
1631,26
1632,26
1633,26
1634,26
1635,26
1636,26
1637,26
1638,26
1639,26
1640,26
1641,12
1642,12
1643,12
1644,12
1645,12
1646,12
1647,12
1648,12
1649,12
1650,12
1651,12
1652,12
1653,12
1654,12
1655,12
1656,12
1657,12
1658,12
1659,12
1660,12
1661,12
1662,12
1663,12
1664,12
1665,12
1666,12
1667,12
1668,58
1669,58
1670,12
1671,58
1672,58
1673,58
1674,58
1675,58
1676,58
1677,58
1678,58
1679,58
1680,58
1681,58
1682,12
1683,12
1684,12
1685,58
1686,12
1687,12
1688,58
1689,58
1690,12
1691,12
1692,12
1693,12
1694,12
1695,58
1696,12
1697,58
1698,58
1699,12
1700,58
1701,12
1702,58
1703,58
1704,12
1705,12
1706,58
1707,12
1708,12
1709,58
1710,58
1711,58
1712,12
1713,12
1714,58
1715,58
1716,12
1717,12
1718,58
1719,58
1720,12
1721,12
1722,12
1723,12
1724,58
1725,12
1726,58
1727,12
1728,12
1729,12
1730,12
1731,12
1732,58
1733,12
1734,12
1735,58
1736,12
1737,58
1738,58
1739,12
1740,12
1741,12
1742,12
1743,12
1744,12
1745,58
1746,12
1747,12
1748,12
1749,12
1750,12
1751,58
1752,58
1753,58
1754,58
1755,58
1756,58
1757,58
1758,58
1759,58
1760,58
1761,12
1762,12
1763,12
1764,12
1765,12
1766,12
1767,12
1768,12
1769,12
1770,12
1771,12
1772,12
1773,12
1774,12
1775,35
1776,35
1777,35
1778,35
1779,35
1780,35
1781,35
1782,35
1783,35
1784,35
1785,35
1786,35
1787,35
1788,35
1789,35
1790,35
1791,35
1792,35
1793,93
1794,93
1795,93
1796,93
1797,93
1798,93
1799,93
1800,93
1801,10
1802,58
1803,12
1804,58
1805,58
1806,77
1807,93
1808,93
1809,97
1810,97
1811,93
1812,93
1813,93
1814,93
1815,97
1816,97
1817,97
1818,77
1819,77
1820,77
1821,97
1822,97
1823,97
1824,97
1825,77
1826,97
1827,97
1828,97
1829,97
1830,93
1831,93
1832,97
1833,97
1834,97
1835,97
1836,97
1837,97
1838,97
1839,97
1840,97
1841,97
1842,93
1843,97
1844,97
1845,93
1846,93
1847,93
1848,93
1849,93
1850,93
1851,97
1852,97
1853,97
1854,93
1855,93
1856,93
1857,97
1858,93
1859,93
1860,93
1861,93
1862,93
1863,97
1864,93
1865,97
1866,97
1867,93
1868,93
1869,93
1870,93
1871,93
1872,93
1873,97
1874,97
1875,77
1876,77
1877,97
1878,93
1879,93
1880,93
1881,93
1882,93
1883,93
1884,93
1885,93
1886,93
1887,93
1888,93
1889,97
1890,97
1891,77
1892,77
1893,77
1894,77
1895,77
1896,77
1897,77
1898,77
1899,77
1900,77
1901,77
1902,77
1903,77
1904,77
1905,77
1906,77
1907,77
1908,97
1909,77
1910,97
1911,97
1912,97
1913,97
1914,97
1915,93
1916,93
1917,93
1918,93
1919,93
1920,93
1921,93
1922,93
1923,35
1924,35
1925,35
1926,35
1927,35
1928,35
1929,35
1930,35
1931,35
1932,35
1933,35
1934,35
1935,35
1936,35
1937,35
1938,35
1939,35
1940,35
1941,35
1942,35
1943,35
1944,35
1945,35
1946,35
1947,35
1948,35
1949,35
1950,35
1951,35
1952,35
1953,35
1954,35
1955,22
1956,22
1957,22
1958,22
1959,22
1960,22
1961,22
1962,22
1963,22
1964,22
1965,22
1966,22
1967,22
1968,22
1969,22
1970,22
1971,22
1972,31
1973,31
1974,31
1975,31
1976,22
1977,22
1978,22
1979,22
1980,22
1981,22
1982,22
1983,22
1984,22
1985,22
1986,22
1987,31
1988,31
1989,31
1990,31
1991,22
1992,22
1993,22
1994,22
1995,22
1996,22
1997,22
1998,22
1999,22
2000,22
2001,22
2002,31
2003,22
2004,22
2005,22
2006,22
2007,22
2008,22
2009,22
2010,22
2011,22
2012,22
2013,22
2014,22
2015,22
2016,22
2017,22
2018,22
2019,22
2020,31
2021,31
2022,31
2023,31
2024,31
2025,31
2026,31
2027,31
2028,31
2029,31
2030,31
2031,31
2032,22
2033,22
2034,31
2035,31
2036,22
2037,22
2038,22
2039,22
2040,22
2041,22
2042,22
2043,22
2044,22
2045,22
2046,22
2047,31
2048,79
2049,79
2050,79
2051,79
2052,79
2053,79
2054,79
2055,79
2056,79
2057,79
2058,79
2059,79
2060,79
2061,79
2062,79
2063,31
2064,31
2065,31
2066,31
2067,79
2068,79
2069,79
2070,79
2071,79
2072,79
2073,79
2074,31
2075,31
2076,31
2077,31
2078,31
2079,31
2080,31
2081,31
2082,31
2083,31
2084,31
2085,31
2086,31
2087,31
2088,31
2089,79
2090,79
2091,79
2092,79
2093,79
2094,31
2095,31
2096,31
2097,31
2098,31
2099,31
2100,79
2101,31
2102,31
2103,31
2104,31
2105,85
2106,85
2107,85
2108,85
2109,85
2110,85
2111,85
2112,85
2113,85
2114,85
2115,85
2116,85
2117,85
2118,85
2119,85
2120,85
2121,85
2122,85
2123,85
2124,85
2125,85
2126,85
2127,85
2128,85
2129,85
2130,85
2131,85
2132,85
2133,85
2134,85
2135,85
2136,85
2137,85
2138,85
2139,85
2140,85
2141,85
2142,85
2143,85
2144,85
2145,22
2146,22
2147,22
2148,22
2149,22
2150,22
2151,22
2152,22
2153,22
2154,22
2155,22
2156,22
2157,22
2158,22
2159,22
2160,22
2161,22
2162,22
2163,22
2164,22
2165,22
2166,22
2167,22
2168,22
2169,22
2170,22
2171,22
2172,22
2173,22
2174,22
2175,22
2176,22
2177,22
2178,22
2179,22
2180,22
2181,22
2182,22
2183,22
2184,22
2185,22
2186,22
2187,22
2188,22
2189,22
2190,22
2191,22
2192,22
2193,22
2194,22
2195,22
2196,22
2197,22
2198,22
2199,22
2200,22
2201,22
2202,22
2203,71
2204,71
2205,71
2206,71
2207,71
2208,71
2209,71
2210,71
2211,71
2212,71
2213,71
2214,71
2215,71
2216,71
2217,71
2218,71
2219,71
2220,71
2221,71
2222,67
2223,67
2224,67
2225,67
2226,67
2227,67
2228,67
2229,67
2230,67
2231,67
2232,67
2233,67
2234,67
2235,67
2236,67
2237,67
2238,67
2239,67
2240,67
2241,67
2242,67
2243,67
2244,67
2245,67
2246,67
2247,67
2248,67
2249,67
2250,67
2251,67
2252,67
2253,67
2254,67
2255,67
2256,67
2257,67
2258,67
2259,67
2260,67
2261,67
2262,67
2263,67
2264,67
2265,67
2266,67
2267,67
2268,67
2269,38
2270,38
2271,32
2272,32
2273,38
2274,38
2275,38
2276,38
2277,38
2278,32
2279,32
2280,32
2281,32
2282,32
2283,32
2284,32
2285,32
2286,32
2287,32
2288,32
2289,14
2290,14
2291,38
2292,38
2293,14
2294,38
2295,32
2296,32
2297,32
2298,32
2299,32
2300,32
2301,32
2302,32
2303,32
2304,32
2305,32
2306,93
2307,32
2308,32
2309,32
2310,38
2311,38
2312,38
2313,32
2314,32
2315,32
2316,32
2317,32
2318,32
2319,14
2320,38
2321,38
2322,38
2323,38
2324,38
2325,38
2326,38
2327,38
2328,38
2329,38
2330,38
2331,38
2332,38
2333,32
2334,32
2335,32
2336,32
2337,32
2338,32
2339,32
2340,32
2341,38
2342,38
2343,38
2344,38
2345,32
2346,38
2347,38
2348,38
2349,38
2350,38
2351,38
2352,38
2353,38
2354,38
2355,38
2356,38
2357,38
2358,38
2359,38
2360,38
2361,38
2362,38
2363,38
2364,38
2365,38
2366,32
2367,32
2368,32
2369,82
2370,82
2371,82
2372,82
2373,82
2374,82
2375,82
2376,82
2377,82
2378,82
2379,82
2380,82
2381,82
2382,82
2383,82
2384,82
2385,82
2386,82
2387,82
2388,82
2389,82
2390,82
2391,82
2392,82
2393,82
2394,82
2395,82
2396,82
2397,82
2398,82
2399,82
2400,82
2401,82
2402,82
2403,82
2404,82
2405,82
2406,82
2407,82
2408,82
2409,82
2410,82
2411,82
2412,82
2413,82
2414,82
2415,82
2416,82
2417,82
2418,82
2419,82
2420,82
2421,82
2422,82
2423,82
2424,82
2425,82
2426,82
2427,82
2428,82
2429,82
2430,82
2431,82
2432,40
2433,40
2434,40
2435,40
2436,40
2437,40
2438,40
2439,40
2440,40
2441,40
2442,40
2443,40
2444,40
2445,33
2446,33
2447,55
2448,55
2449,55
2450,55
2451,55
2452,55
2453,55
2454,55
2455,55
2456,55
2457,40
2458,40
2459,33
2460,33
2461,33
2462,33
2463,33
2464,33
2465,40
2466,33
2467,33
2468,33
2469,33
2470,55
2471,55
2472,33
2473,55
2474,55
2475,55
2476,55
2477,55
2478,55
2479,55
2480,55
2481,55
2482,55
2483,55
2484,55
2485,55
2486,55
2487,55
2488,55
2489,33
2490,33
2491,33
2492,33
2493,33
2494,33
2495,33
2496,33
2497,33
2498,33
2499,55
2500,55
2501,55
2502,55
2503,55
2504,55
2505,55
2506,55
2507,33
2508,33
2509,55
2510,55
2511,55
2512,33
2513,33
2514,33
2515,33
2516,33
2517,33
2518,33
2519,33
2520,33
2521,33
2522,33
2523,33
2524,55
2525,55
2526,33
2527,33
2528,33
2529,33
2530,33
2531,33
2532,33
2533,33
2534,33
2535,33
2536,33
2537,33
2538,33
2539,33
2540,33
2541,33
2542,33
2543,33
2544,33
2545,33
2546,33
2547,33
2548,33
2549,33
2550,33
2551,33
2552,33
2553,40
2554,40
2555,40
2556,40
2557,40
2558,40
2559,40
2560,40
2561,55
2562,55
2563,33
2564,55
2565,55
2566,33
2567,33
2568,33
2569,55
2570,33
2571,33
2572,33
2573,33
2574,33
2575,40
2576,40
2577,40
2578,40
2579,40
2580,40
2581,40
2582,40
2583,40
2584,40
2585,40
2586,40
2587,40
2588,40
2589,40
2590,40
2591,40
2592,40
2593,40
2594,40
2595,40
2596,40
2597,40
2598,40
2599,40
2600,40
2601,40
2602,40
2603,40
2604,40
2605,40
2606,40
2607,33
2608,33
2609,40
2610,40
2611,40
2612,40
2613,40
2614,40
2615,40
2616,40
2617,40
2618,40
2619,40
2620,40
2621,40
2622,40
2623,66
2624,66
2625,66
2626,66
2627,66
2628,66
2629,66
2630,66
2631,66
2632,66
2633,66
2634,66
2635,66
2636,66
2637,66
2638,66
2639,66
2640,66
2641,66
2642,66
2643,66
2644,66
2645,66
2646,66
2647,66
2648,66
2649,66
2650,66
2651,66
2652,66
2653,66
2654,66
2655,66
2656,66
2657,66
2658,66
2659,66
2660,66
2661,96
2662,96
2663,96
2664,96
2665,96
2666,96
2667,36
2668,36
2669,36
2670,36
2671,36
2672,36
2673,96
2674,96
2675,96
2676,96
2677,96
2678,96
2679,96
2680,96
2681,96
2682,74
2683,74
2684,74
2685,74
2686,74
2687,74
2688,74
2689,74
2690,74
2691,74
2692,74
2693,36
2694,36
2695,36
2696,36
2697,36
2698,36
2699,36
2700,74
2701,36
2702,36
2703,36
2704,36
2705,36
2706,36
2707,36
2708,36
2709,96
2710,36
2711,36
2712,36
2713,96
2714,36
2715,96
2716,96
2717,96
2718,96
2719,96
2720,96
2721,96
2722,96
2723,96
2724,96
2725,96
2726,96
2727,96
2728,96
2729,96
2730,96
2731,36
2732,36
2733,96
2734,36
2735,36
2736,36
2737,36
2738,36
2739,36
2740,36
2741,36
2742,36
2743,36
2744,36
2745,36
2746,36
2747,36
2748,36
2749,36
2750,36
2751,36
2752,36
2753,36
2754,36
2755,36
2756,36
2757,36
2758,96
2759,96
2760,96
2761,96
2762,96
2763,96
2764,96
2765,96
2766,96
2767,96
2768,96
2769,96
2770,96
2771,96
2772,96
2773,96
2774,31
2775,31
2776,31
2777,31
2778,31
2779,31
2780,31
2781,31
2782,31
2783,31
2784,31
2785,22
2786,31
2787,31
2788,31
2789,31
2790,31
2791,31
2792,31
2793,31
2794,31
2795,31
2796,31
2797,31
2798,31
2799,33
2800,33
2801,33
2802,33
2803,33
2804,33
2805,33
2806,40
2807,74
2808,31
2809,31
2810,31
2811,31
2812,31
2813,31
2814,31
2815,31
2816,31
2817,31
2818,31
2819,31
2820,31
2821,31
2822,31
2823,31
2824,31
2825,31
2826,31
2827,31
2828,70
2829,70
2830,70
2831,70
2832,70
2833,70
2834,70
2835,70
2836,70
2837,70
2838,70
2839,70
2840,70
2841,70
2842,70
2843,70
2844,70
2845,70
2846,70
2847,70
2848,70
2849,70
2850,70
2851,70
2852,70
2853,70
2854,70
2855,70
2856,70
2857,70
2858,70
2859,70
2860,70
2861,70
2862,75
2863,75
2864,75
2865,75
2866,75
2867,75
2868,75
2869,75
2870,75
2871,75
2872,75
2873,75
2874,75
2875,75
2876,75
2877,75
2878,75
2879,75
2880,75
2881,75
2882,75
2883,75
2884,75
2885,75
2886,75
2887,75
2888,75
2889,75
2890,75
2891,75
2892,75
2893,75
2894,75
2895,75
2896,75
2897,75
2898,75
2899,75
2900,75
2901,75
2902,75
2903,75
2904,75
2905,75
2906,75
2907,75
2908,75
2909,75
2910,75
2911,75
2912,75
2913,75
2914,75
2915,75
2916,75
2917,75
2918,75
2919,75
2920,75
2921,75
2922,68
2923,68
2924,78
2925,78
2926,78
2927,66
2928,66
2929,78
2930,66
2931,68
2932,68
2933,68
2934,66
2935,66
2936,68
2937,78
2938,78
2939,78
2940,78
2941,78
2942,78
2943,78
2944,78
2945,66
2946,66
2947,66
2948,68
2949,68
2950,68
2951,68
2952,68
2953,68
2954,68
2955,68
2956,68
2957,68
2958,68
2959,68
2960,68
2961,68
2962,68
2963,68
2964,68
2965,68
2966,68
2967,68
2968,68
2969,68
2970,68
2971,68
2972,68
2973,68
2974,68
2975,68
2976,68
2977,68
2978,68
2979,68
2980,68
2981,68
2982,68
2983,68
2984,68
2985,68
2986,68
2987,66
2988,78
2989,78
2990,78
2991,78
2992,66
2993,66
2994,66
2995,66
2996,66
2997,66
2998,68
2999,68
3000,68
3001,68
3002,68
3003,68
3004,68
3005,68
3006,78
3007,78
3008,78
3009,66
3010,68
3011,68
3012,68
3013,68
3014,68
3015,68
3016,68
3017,68
3018,66
3019,66
3020,68
3021,68
3022,84
3023,84
3024,56
3025,56
3026,29
3027,56
3028,56
3029,56
3030,29
3031,29
3032,70
3033,29
3034,29
3035,29
3036,29
3037,84
3038,29
3039,29
3040,84
3041,84
3042,70
3043,70
3044,29
3045,29
3046,29
3047,70
3048,70
3049,29
3050,29
3051,29
3052,29
3053,70
3054,29
3055,29
3056,56
3057,56
3058,70
3059,70
3060,70
3061,84
3062,29
3063,56
3064,29
3065,29
3066,29
3067,29
3068,29
3069,29
3070,29
3071,29
3072,29
3073,29
3074,29
3075,29
3076,29
3077,29
3078,29
3079,29
3080,56
3081,56
3082,56
3083,56
3084,29
3085,29
3086,56
3087,56
3088,56
3089,56
3090,29
3091,29
3092,29
3093,29
3094,29
3095,29
3096,29
3097,29
3098,29
3099,29
3100,29
3101,29
3102,29
3103,29
3104,70
3105,70
3106,29
3107,29
3108,56
3109,29
3110,29
3111,70
3112,70
3113,29
3114,29
3115,29
3116,29
3117,29
3118,29
3119,56
3120,70
3121,70
3122,29
3123,29
3124,29
3125,29
3126,29
3127,29
3128,29
3129,56
3130,56
3131,56
3132,70
3133,29
3134,29
3135,29
3136,29
3137,29
3138,56
3139,56
3140,56
3141,56
3142,29
3143,29
3144,56
3145,56
3146,29
3147,56
3148,56
3149,56
3150,56
3151,56
3152,56
3153,56
3154,56
3155,56
3156,56
3157,56
3158,56
3159,56
3160,56
3161,56
3162,56
3163,56
3164,56
3165,56
3166,56
3167,56
3168,56
3169,56
3170,56
3171,56
3172,56
3173,56
3174,56
3175,56
3176,56
3177,56
3178,56
3179,56
3180,56
3181,56
3182,56
3183,56
3184,56
3185,56
3186,56
3187,56
3188,56
3189,70
3190,70
3191,70
3192,70
3193,70
3194,70
3195,70
3196,70
3197,70
3198,70
3199,70
3200,70
3201,70
3202,56
3203,29
3204,35
3205,35
3206,35
3207,35
3208,35
3209,35
3210,35
3211,35
3212,35
3213,35
3214,35
3215,83
3216,83
3217,83
3218,35
3219,35
3220,83
3221,83
3222,83
3223,83
3224,83
3225,83
3226,83
3227,83
3228,35
3229,35
3230,35
3231,35
3232,35
3233,35
3234,35
3235,35
3236,83
3237,83
3238,83
3239,83
3240,83
3241,83
3242,83
3243,83
3244,83
3245,83
3246,83
3247,83
3248,83
3249,35
3250,35
3251,35
3252,35
3253,35
3254,35
3255,35
3256,35
3257,35
3258,35
3259,35
3260,35
3261,35
3262,35
3263,35
3264,35
3265,35
3266,85
3267,85
3268,85
3269,85
3270,85
3271,85
3272,85
3273,85
3274,85
3275,85
3276,85
3277,85
3278,85
3279,85
3280,85
3281,85
3282,85
3283,85
3284,85
3285,85
3286,85
3287,85
3288,85
3289,85
3290,85
3291,85
3292,85
3293,85
3294,85
3295,85
3296,85
3297,85
3298,85
3299,85
3300,83
3301,83
3302,78
3303,68
3304,68
3305,56
3306,56
3307,56
3308,56
3309,83
3310,83
3311,83
3312,90
3313,90
3314,90
3315,90
3316,90
3317,90
3318,90
3319,28
3320,28
3321,28
3322,28
3323,28
3324,28
3325,92
3326,92
3327,92
3328,92
3329,92
3330,92
3331,92
3332,92
3333,92
3334,92
3335,92
3336,92
3337,92
3338,92
3339,92
3340,25
3341,25
3342,25
3343,25
3344,25
3345,25
3346,25
3347,25
3348,25
3349,52
3350,52
3351,52
3352,52
3353,52
3354,52
3355,52
3356,52
3357,52
3358,52
3359,52
3360,52
3361,52
3362,52
3363,52
3364,52
3365,52
3366,52
3367,52
3368,52
3369,52
3370,52
3371,52
3372,52
3373,52
3374,25
3375,25
3376,25
3377,25
3378,25
3379,25
3380,25
3381,25
3382,25
3383,25
3384,25
3385,25
3386,25
3387,25
3388,52
3389,52
3390,52
3391,52
3392,52
3393,52
3394,52
3395,69
3396,52
3397,52
3398,69
3399,69
3400,69
3401,69
3402,69
3403,69
3404,69
3405,69
3406,69
3407,69
3408,69
3409,69
3410,69
3411,69
3412,69
3413,69
3414,69
3415,69
3416,69
3417,69
3418,69
3419,52
3420,52
3421,52
3422,52
3423,52
3424,52
3425,52
3426,52
3427,52
3428,16
3429,16
3430,16
3431,16
3432,16
3433,16
3434,16
3435,28
3436,28
3437,28
3438,28
3439,28
3440,16
3441,16
3442,16
3443,16
3444,28
3445,90
3446,90
3447,90
3448,90
3449,90
3450,28
3451,28
3452,28
3453,28
3454,28
3455,28
3456,28
3457,28
3458,28
3459,28
3460,21
3461,21
3462,28
3463,18
3464,28
3465,28
3466,18
3467,28
3468,28
3469,18
3470,28
3471,18
3472,28
3473,18
3474,90
3475,28
3476,90
3477,90
3478,90
3479,90
3480,90
3481,25
3482,25
3483,25
3484,25
3485,25
3486,25
3487,25
3488,51
3489,25
3490,51
3491,51
3492,51
3493,18
3494,18
3495,90
3496,18
3497,18
3498,18
3499,18
3500,18
3501,18
3502,18
3503,18
3504,18
3505,18
3506,18
3507,18
3508,18
3509,18
3510,18
3511,18
3512,18
3513,18
3514,17
3515,18
3516,18
3517,18
3518,18
3519,17
3520,17
3521,17
3522,95
3523,95
3524,95
3525,18
3526,18
3527,18
3528,51
3529,51
3530,95
3531,51
3532,51
3533,51
3534,51
3535,25
3536,51
3537,51
3538,51
3539,51
3540,25
3541,25
3542,25
3543,25
3544,51
3545,25
3546,25
3547,51
3548,51
3549,51
3550,51
3551,51
3552,51
3553,61
3554,61
3555,61
3556,61
3557,61
3558,61
3559,61
3560,61
3561,61
3562,61
3563,61
3564,61
3565,61
3566,51
3567,51
3568,51
3569,51
3570,51
3571,51
3572,51
3573,51
3574,51
3575,51
3576,51
3577,95
3578,95
3579,95
3580,95
3581,95
3582,95
3583,95
3584,95
3585,95
3586,95
3587,95
3588,95
3589,95
3590,17
3591,17
3592,17
3593,95
3594,95
3595,95
3596,95
3597,76
3598,76
3599,76
3600,51
3601,51
3602,51
3603,61
3604,61
3605,61
3606,61
3607,61
3608,76
3609,61
3610,61
3611,61
3612,76
3613,76
3614,76
3615,76
3616,76
3617,76
3618,76
3619,76
3620,76
3621,76
3622,76
3623,76
3624,76
3625,76
3626,76
3627,76
3628,95
3629,95
3630,95
3631,95
3632,95
3633,95
3634,95
3635,95
3636,95
3637,95
3638,95
3639,95
3640,95
3641,95
3642,76
3643,48
3644,48
3645,48
3646,48
3647,88
3648,48
3649,88
3650,88
3651,48
3652,88
3653,88
3654,76
3655,76
3656,88
3657,88
3658,88
3659,76
3660,76
3661,76
3662,76
3663,76
3664,88
3665,88
3666,76
3667,76
3668,92
3669,92
3670,92
3671,92
3672,19
3673,92
3674,88
3675,88
3676,88
3677,88
3678,88
3679,88
3680,88
3681,88
3682,88
3683,88
3684,48
3685,48
3686,48
3687,48
3688,69
3689,69
3690,48
3691,48
3692,48
3693,48
3694,48
3695,48
3696,48
3697,48
3698,48
3699,48
3700,48
3701,48
3702,48
3703,48
3704,48
3705,69
3706,69
3707,69
3708,69
3709,69
3710,69
3711,48
3712,88
3713,88
3714,88
3715,88
3716,88
3717,88
3718,88
3719,88
3720,19
3721,88
3722,88
3723,19
3724,19
3725,19
3726,19
3727,92
3728,19
3729,19
3730,19
3731,19
3732,19
3733,69
3734,69
3735,19
3736,19
3737,19
3738,19
3739,19
3740,19
3741,19
3742,19
3743,19
3744,19
3745,76
3746,76
3747,48
3748,88
3749,88
3750,88
3751,69
3752,69
3753,19
3754,19
3755,19
3756,19
3757,19
3758,19
3759,5
3760,19
3761,19
3762,19
3763,5
3764,5
3765,5
3766,5
3767,5
3768,52
3769,19
3770,5
3771,19
3772,90
3773,90
3774,90
3775,92
3776,92
3777,92
3778,92
3779,92
3780,92
3781,92
3782,92
3783,92
3784,92
3785,92
3786,92
3787,61
3788,61
3789,61
3790,61
3791,61
3792,61
3793,61
3794,61
3795,61
3796,61
3797,61
3798,61
3799,92
3800,92
3801,92
3802,92
3803,92
3804,92
3805,92
3806,92
3807,92
3808,92
3809,92
3810,92
3811,92
3812,92
3813,92
3814,92
3815,17
3816,17
3817,17
3818,17
3819,17
3820,17
3821,17
3822,17
3823,17
3824,17
3825,17
3826,17
3827,17
3828,17
3829,17
3830,17
3831,17
3832,17
3833,17
3834,17
3835,17
3836,17
3837,17
3838,18
3839,34
3840,34
3841,34
3842,34
3843,34
3844,34
3845,34
3846,34
3847,34
3848,34
3849,34
3850,95
3851,95
3852,34
3853,34
3854,34
3855,34
3856,34
3857,34
3858,34
3859,34
3860,34
3861,34
3862,34
3863,34
3864,34
3865,34
3866,34
3867,34
3868,34
3869,34
3870,25
3871,25
3872,25
3873,25
3874,25
3875,25
3876,25
3877,25
3878,25
3879,25
3880,25
3881,25
3882,67
3883,67
3884,67
3885,67
3886,67
3887,96
3888,96
3889,96
3890,67
3891,67
3892,67
3893,67
3894,67
3895,96
3896,67
3897,67
3898,67
3899,96
3900,96
3901,67
3902,67
3903,67
3904,96
3905,67
3906,67
3907,67
3908,67
3909,67
3910,96
3911,67
3912,96
3913,67
3914,67
3915,67
3916,67
3917,67
3918,67
3919,67
3920,67
3921,67
3922,67
3923,67
3924,67
3925,67
3926,67
3927,67
3928,67
3929,67
3930,67
3931,67
3932,67
3933,67
3934,67
3935,67
3936,96
3937,96
3938,96
3939,96
3940,67
3941,96
3942,67
3943,67
3944,67
3945,67
3946,67
3947,67
3948,67
3949,67
3950,67
3951,67
3952,67
3953,67
3954,67
3955,67
3956,67
3957,67
3958,67
3959,67
3960,67
3961,67
3962,67
3963,67
3964,67
3965,67
3966,67
3967,67
3968,67
3969,96
3970,67
3971,67
3972,67
3973,67
3974,67
3975,67
3976,67
3977,83
3978,83
3979,83
3980,83
3981,83
3982,83
3983,83
3984,83
3985,87
3986,87
3987,87
3988,87
3989,87
3990,83
3991,83
3992,83
3993,83
3994,83
3995,83
3996,83
3997,83
3998,83
3999,83
4000,83
4001,83
4002,83
4003,83
4004,83
4005,83
4006,83
4007,83
4008,83
4009,83
4010,83
4011,83
4012,83
4013,83
4014,83
4015,83
4016,83
4017,83
4018,83
4019,83
4020,83
4021,83
4022,83
4023,83
4024,83
4025,83
4026,83
4027,83
4028,83
4029,83
4030,83
4031,83
4032,83
4033,83
4034,83
4035,87
4036,83
4037,83
4038,83
4039,83
4040,83
4041,83
4042,83
4043,83
4044,83
4045,75
4046,75
4047,75
4048,75
4049,75
4050,75
4051,75
4052,75
4053,75
4054,75
4055,75
4056,75
4057,75
4058,75
4059,75
4060,75
4061,75
4062,75
4063,75
4064,35
4065,75
4066,75
4067,75
4068,75
4069,75
4070,75
4071,75
4072,75
4073,75
4074,75
4075,35
4076,75
4077,75
4078,75
4079,75
4080,75
4081,75
4082,75
4083,75
4084,75
4085,75
4086,75
4087,75
4088,75
4089,75
4090,75
4091,75
4092,75
4093,75
4094,75
4095,35
4096,35
4097,35
4098,35
4099,35
4100,35
4101,35
4102,35
4103,75
4104,75
4105,75
4106,75
4107,39
4108,39
4109,39
4110,39
4111,6
4112,39
4113,39
4114,39
4115,39
4116,39
4117,39
4118,39
4119,39
4120,39
4121,39
4122,39
4123,6
4124,6
4125,6
4126,6
4127,39
4128,15
4129,39
4130,39
4131,39
4132,39
4133,39
4134,39
4135,39
4136,39
4137,39
4138,39
4139,39
4140,6
4141,6
4142,39
4143,39
4144,39
4145,39
4146,39
4147,39
4148,39
4149,39
4150,39
4151,39
4152,39
4153,39
4154,6
4155,39
4156,9
4157,6
4158,6
4159,6
4160,6
4161,6
4162,6
4163,91
4164,91
4165,91
4166,91
4167,39
4168,91
4169,91
4170,91
4171,91
4172,6
4173,6
4174,6
4175,6
4176,6
4177,6
4178,6
4179,6
4180,6
4181,91
4182,91
4183,91
4184,91
4185,91
4186,91
4187,6
4188,6
4189,6
4190,9
4191,6
4192,6
4193,6
4194,6
4195,6
4196,6
4197,6
4198,6
4199,6
4200,6
4201,6
4202,6
4203,6
4204,6
4205,6
4206,6
4207,6
4208,6
4209,6
4210,6
4211,6
4212,6
4213,6
4214,39
4215,6
4216,6
4217,6
4218,6
4219,6
4220,6
4221,39
4222,6
4223,6
4224,6
4225,6
4226,6
4227,6
4228,6
4229,6
4230,6
4231,91
4232,91
4233,9
4234,9
4235,9
4236,9
4237,9
4238,91
4239,91
4240,91
4241,91
4242,91
4243,91
4244,91
4245,91
4246,91
4247,91
4248,91
4249,91
4250,91
4251,91
4252,91
4253,91
4254,91
4255,91
4256,91
4257,91
4258,91
4259,91
4260,91
4261,91
4262,91
4263,91
4264,9
4265,91
4266,91
4267,91
4268,91
4269,91
4270,91
4271,91
4272,91
4273,91
4274,91
4275,91
4276,91
4277,91
4278,91
4279,91
4280,91
4281,9
4282,9
4283,9
4284,9
4285,6
4286,91
4287,91
4288,91
4289,91
4290,91
4291,91
4292,91
4293,91
4294,91
4295,91
4296,91
4297,67
4298,67
4299,67
4300,67
4301,67
4302,67
4303,67
4304,67
4305,67
4306,67
4307,67
4308,6
4309,91
4310,91
4311,91
4312,91
4313,91
4314,91
4315,91
4316,6
4317,91
4318,91
4319,91
4320,91
4321,91
4322,90
4323,8
4324,8
4325,8
4326,8
4327,8
4328,8
4329,8
4330,8
4331,8
4332,90
4333,90
4334,8
4335,8
4336,90
4337,8
4338,8
4339,8
4340,8
4341,8
4342,8
4343,8
4344,8
4345,8
4346,8
4347,8
4348,8
4349,8
4350,8
4351,8
4352,8
4353,8
4354,8
4355,8
4356,8
4357,8
4358,8
4359,8
4360,8
4361,8
4362,8
4363,8
4364,8
4365,8
4366,8
4367,8
4368,8
4369,8
4370,8
4371,8
4372,8
4373,8
4374,90
4375,90
4376,90
4377,90
4378,90
4379,90
4380,90
4381,90
4382,90
4383,90
4384,90
4385,90
4386,90
4387,90
4388,90
4389,90
4390,90
4391,90
4392,90
4393,90
4394,90
4395,90
4396,8
4397,8
4398,8
4399,8
4400,8
4401,8
4402,8
4403,8
4404,8
4405,8
4406,8
4407,8
4408,8
4409,8
4410,8
4411,8
4412,8
4413,8
4414,8
4415,8
4416,90
4417,90
4418,90
4419,90
4420,74
4421,74
4422,74
4423,74
4424,74
4425,74
4426,74
4427,74
4428,74
4429,74
4430,74
4431,74
4432,74
4433,74
4434,74
4435,74
4436,74
4437,74
4438,20
4439,20
4440,20
4441,20
4442,20
4443,26
4444,26
4445,26
4446,26
4447,26
4448,26
4449,26
4450,26
4451,26
4452,20
4453,20
4454,26
4455,26
4456,26
4457,26
4458,20
4459,20
4460,20
4461,26
4462,20
4463,20
4464,20
4465,20
4466,20
4467,20
4468,20
4469,20
4470,20
4471,20
4472,20
4473,20
4474,20
4475,20
4476,20
4477,20
4478,20
4479,20
4480,20
4481,26
4482,26
4483,26
4484,26
4485,89
4486,89
4487,20
4488,20
4489,26
4490,26
4491,26
4492,59
4493,59
4494,59
4495,59
4496,59
4497,59
4498,59
4499,59
4500,59
4501,59
4502,59
4503,59
4504,59
4505,59
4506,59
4507,59
4508,59
4509,59
4510,59
4511,59
4512,59
4513,59
4514,59
4515,59
4516,59
4517,59
4518,59
4519,59
4520,59
4521,59
4522,59
4523,59
4524,59
4525,59
4526,59
4527,59
4528,59
4529,59
4530,59
4531,59
4532,59
4533,59
4534,59
4535,59
4536,59
4537,59
4538,59
4539,59
4540,59
4541,59
4542,59
4543,59
4544,59
4545,59
4546,59
4547,59
4548,59
4549,59
4550,59
4551,59
4552,59
4553,59
4554,59
4555,59
4556,59
4557,59
4558,59
4559,59
4560,59
4561,59
4562,59
4563,63
4564,63
4565,63
4566,63
4567,63
4568,63
4569,63
4570,63
4571,63
4572,63
4573,63
4574,46
4575,46
4576,46
4577,46
4578,63
4579,63
4580,63
4581,63
4582,63
4583,63
4584,63
4585,63
4586,63
4587,63
4588,63
4589,63
4590,46
4591,63
4592,63
4593,63
4594,63
4595,46
4596,63
4597,63
4598,63
4599,63
4600,63
4601,63
4602,63
4603,63
4604,63
4605,63
4606,63
4607,63
4608,63
4609,63
4610,63
4611,63
4612,63
4613,63
4614,63
4615,63
4616,63
4617,63
4618,63
4619,46
4620,63
4621,63
4622,63
4623,63
4624,63
4625,63
4626,46
4627,46
4628,46
4629,63
4630,46
4631,46
4632,63
4633,63
4634,63
4635,63
4636,63
4637,63
4638,63
4639,63
4640,63
4641,46
4642,46
4643,46
4644,46
4645,63
4646,63
4647,63
4648,63
4649,63
4650,63
4651,63
4652,63
4653,63
4654,63
4655,63
4656,63
4657,63
4658,63
4659,63
4660,63
4661,63
4662,63
4663,63
4664,63
4665,63
4666,63
4667,63
4668,63
4669,63
4670,63
4671,63
4672,84
4673,84
4674,71
4675,71
4676,84
4677,84
4678,84
4679,71
4680,71
4681,71
4682,84
4683,84
4684,84
4685,84
4686,84
4687,84
4688,84
4689,71
4690,71
4691,84
4692,71
4693,71
4694,71
4695,71
4696,71
4697,71
4698,71
4699,84
4700,84
4701,84
4702,84
4703,84
4704,84
4705,84
4706,84
4707,84
4708,84
4709,80
4710,80
4711,80
4712,80
4713,80
4714,80
4715,80
4716,80
4717,80
4718,80
4719,80
4720,80
4721,80
4722,80
4723,80
4724,80
4725,80
4726,80
4727,80
4728,5
4729,5
4730,5
4731,5
4732,5
4733,5
4734,62
4735,62
4736,62
4737,62
4738,5
4739,62
4740,5
4741,5
4742,5
4743,5
4744,5
4745,5
4746,5
4747,5
4748,5
4749,5
4750,5
4751,5
4752,5
4753,5
4754,5
4755,5
4756,5
4757,81
4758,81
4759,81
4760,81
4761,81
4762,81
4763,81
4764,81
4765,81
4766,81
4767,81
4768,81
4769,81
4770,81
4771,81
4772,81
4773,81
4774,81
4775,81
4776,81
4777,81
4778,81
4779,81
4780,81
4781,62
4782,5
4783,5
4784,5
4785,5
4786,5
4787,5
4788,5
4789,5
4790,5
4791,5
4792,5
4793,62
4794,62
4795,62
4796,62
4797,81
4798,62
4799,62
4800,62
4801,62
4802,62
4803,62
4804,5
4805,62
4806,62
4807,62
4808,62
4809,62
4810,62
4811,63
4812,62
4813,62
4814,62
4815,81
4816,81
4817,81
4818,81
4819,81
4820,81
4821,81
4822,81
4823,81
4824,81
4825,81
4826,62
4827,62
4828,62
4829,5
4830,5
4831,5
4832,5
4833,5
4834,5
4835,80
4836,80
4837,80
4838,80
4839,80
4840,80
4841,81
4842,81
4843,81
4844,81
4845,81
4846,81
4847,81
4848,81
4849,5
4850,5
4851,5
4852,5
4853,5
4854,5
4855,5
4856,80
4857,80
4858,80
4859,80
4860,80
4861,80
4862,80
4863,80
4864,80
4865,80
4866,80
4867,80
4868,80
4869,80
4870,80
4871,80
4872,80
4873,62
4874,62
4875,62
4876,5
4877,5
4878,5
4879,5
4880,5
4881,65
4882,11
4883,65
4884,22
4885,65
4886,65
4887,65
4888,11
4889,65
4890,22
4891,65
4892,11
4893,11
4894,22
4895,65
4896,65
4897,22
4898,65
4899,65
4900,65
4901,65
4902,65
4903,65
4904,65
4905,65
4906,65
4907,65
4908,65
4909,65
4910,65
4911,65
4912,65
4913,65
4914,65
4915,65
4916,65
4917,65
4918,65
4919,65
4920,65
4921,65
4922,11
4923,11
4924,11
4925,79
4926,64
4927,64
4928,64
4929,64
4930,64
4931,64
4932,64
4933,64
4934,64
4935,64
4936,64
4937,64
4938,64
4939,64
4940,64
4941,64
4942,64
4943,64
4944,64
4945,64
4946,64
4947,64
4948,64
4949,64
4950,64
4951,64
4952,64
4953,64
4954,64
4955,64
4956,64
4957,64
4958,64
4959,64
4960,64
4961,64
4962,43
4963,43
4964,79
4965,79
4966,79
4967,79
4968,64
4969,64
4970,64
4971,64
4972,79
4973,79
4974,79
4975,79
4976,79
4977,79
4978,79
4979,79
4980,79
4981,79
4982,79
4983,79
4984,79
4985,79
4986,79
4987,79
4988,79
4989,79
4990,79
4991,79
4992,79
4993,79
4994,79
4995,79
4996,43
4997,43
4998,43
4999,43
5000,79
5001,43
5002,79
5003,43
5004,43
5005,79
5006,43
5007,43
5008,43
5009,64
5010,64
5011,43
5012,43
5013,43
5014,43
5015,43
5016,43
5017,43
5018,43
5019,43
5020,43
5021,43
5022,43
5023,43
5024,43
5025,43
5026,43
5027,43
5028,43
5029,64
5030,64
5031,43
5032,64
5033,79
5034,43
5035,79
5036,79
5037,79
5038,79
5039,79
5040,79
5041,79
5042,79
5043,79
5044,43
5045,64
5046,64
5047,79
5048,79
5049,79
5050,79
5051,79
5052,79
5053,79
5054,79
5055,79
5056,79
5057,79
5058,43
5059,79
5060,79
5061,79
5062,79
5063,79
5064,79
5065,79
5066,79
5067,79
5068,79
5069,79
5070,79
5071,79
5072,79
5073,79
5074,79
5075,79
5076,64
5077,64
5078,64
5079,64
5080,64
5081,64
5082,64
5083,79
5084,64
5085,64
5086,64
5087,64
5088,79
5089,79
5090,79
5091,79
5092,13
5093,13
5094,13
5095,13
5096,13
5097,13
5098,13
5099,13
5100,13
5101,13
5102,13
5103,13
5104,13
5105,13
5106,13
5107,13
5108,13
5109,13
5110,13
5111,13
5112,13
5113,13
5114,13
5115,13
5116,13
5117,13
5118,13
5119,13
5120,13
5121,13
5122,13
5123,13
5124,13
5125,13
5126,13
5127,13
5128,13
5129,13
5130,13
5131,13
5132,13
5133,13
5134,13
5135,13
5136,13
5137,13
5138,13
5139,13
5140,13
5141,13
5142,13
5143,13
5144,13
5145,13
5146,13
5147,13
5148,13
5149,13
5150,13
5151,13
5152,13
5153,13
5154,13
5155,13
5156,13
5157,89
5158,89
5159,89
5160,89
5161,89
5162,89
5163,89
5164,89
5165,89
5166,89
5167,89
5168,89
5169,89
5170,89
5171,89
5172,89
5173,89
5174,89
5175,89
5176,89
5177,89
5178,89
5179,89
5180,89
5181,89
5182,89
5183,20
5184,20
5185,20
5186,20
5187,20
5188,20
5189,20
5190,20
5191,20
5192,20
5193,20
5194,20
5195,20
5196,20
5197,89
5198,89
5199,89
5200,89
5201,89
5202,20
5203,20
5204,20
5205,20
5206,20
5207,20
5208,20
5209,89
5210,89
5211,89
5212,89
5213,89
5214,89
5215,89
5216,89
5217,89
5218,89
5219,89
5220,89
5221,89
5222,89
5223,89
5224,20
5225,20
5226,20
5227,20
5228,20
5229,20
5230,89
5231,89
5232,89
5233,89
5234,89
5235,89
5236,20
5237,20
5238,20
5239,20
5240,20
5241,89
5242,89
5243,89
5244,89
5245,89
5246,89
5247,89
5248,89
5249,89
5250,89
5251,89
5252,89
5253,89
5254,89
5255,89
5256,89
5257,89
5258,89
5259,89
5260,89
5261,89
5262,89
5263,89
5264,89
5265,89
5266,89
5267,89
5268,89
5269,89
5270,89
5271,89
5272,20
5273,20
5274,20
5275,20
5276,20
5277,20
5278,20
5279,89
5280,89
5281,89
5282,89
5283,89
5284,89
5285,11
5286,11
5287,11
5288,11
5289,11
5290,11
5291,11
5292,11
5293,11
5294,11
5295,11
5296,11
5297,11
5298,11
5299,11
5300,11
5301,11
5302,11
5303,11
5304,11
5305,44
5306,44
5307,44
5308,65
5309,65
5310,79
5311,43
5312,79
5313,44
5314,44
5315,44
5316,11
5317,11
5318,11
5319,44
5320,44
5321,11
5322,11
5323,11
5324,11
5325,11
5326,11
5327,11
5328,11
5329,11
5330,44
5331,44
5332,44
5333,44
5334,44
5335,44
5336,44
5337,44
5338,11
5339,11
5340,11
5341,11
5342,11
5343,11
5344,11
5345,11
5346,11
5347,11
5348,11
5349,11
5350,11
5351,11
5352,11
5353,11
5354,11
5355,11
5356,11
5357,11
5358,11
5359,11
5360,11
5361,11
5362,11
5363,11
5364,11
5365,11
5366,11
5367,11
5368,11
5369,11
5370,11
5371,11
5372,11
5373,11
5374,11
5375,11
5376,11
5377,11
5378,11
5379,11
5380,11
5381,11
5382,11
5383,11
5384,11
5385,11
5386,11
5387,11
5388,11
5389,11
5390,11
5391,11
5392,11
5393,11
5394,44
5395,44
5396,44
5397,11
5398,71
5399,71
5400,71
5401,71
5402,71
5403,71
5404,71
5405,71
5406,71
5407,71
5408,71
5409,71
5410,71
5411,71
5412,71
5413,71
5414,71
5415,71
5416,71
5417,71
5418,71
5419,71
5420,71
5421,71
5422,71
5423,71
5424,71
5425,71
5426,71
5427,71
5428,71
5429,71
5430,71
5431,71
5432,71
5433,71
5434,71
5435,71
5436,71
5437,71
5438,71
5439,71
5440,71
5441,70
5442,87
5443,87
5444,87
5445,70
5446,70
5447,70
5448,87
5449,87
5450,87
5451,70
5452,70
5453,87
5454,87
5455,70
5456,87
5457,70
5458,70
5459,70
5460,70
5461,70
5462,70
5463,87
5464,87
5465,70
5466,87
5467,70
5468,70
5469,70
5470,87
5471,87
5472,87
5473,70
5474,70
5475,70
5476,70
5477,70
5478,87
5479,70
5480,87
5481,87
5482,70
5483,70
5484,87
5485,87
5486,87
5487,70
5488,87
5489,87
5490,87
5491,87
5492,87
5493,87
5494,87
5495,87
5496,87
5497,87
5498,87
5499,87
5500,70
5501,87
5502,87
5503,87
5504,87
5505,87
5506,87
5507,87
5508,87
5509,87
5510,70
5511,70
5512,70
5513,70
5514,97
5515,78
5516,97
5517,97
5518,97
5519,78
5520,78
5521,78
5522,78
5523,78
5524,78
5525,78
5526,78
5527,78
5528,97
5529,97
5530,97
5531,78
5532,78
5533,78
5534,78
5535,53
5536,53
5537,53
5538,78
5539,78
5540,78
5541,78
5542,78
5543,78
5544,78
5545,78
5546,78
5547,78
5548,78
5549,97
5550,78
5551,97
5552,97
5553,78
5554,78
5555,78
5556,78
5557,78
5558,78
5559,78
5560,78
5561,78
5562,78
5563,78
5564,78
5565,78
5566,78
5567,78
5568,78
5569,97
5570,97
5571,78
5572,78
5573,78
5574,78
5575,97
5576,97
5577,97
5578,53
5579,53
5580,53
5581,53
5582,53
5583,53
5584,53
5585,53
5586,53
5587,53
5588,53
5589,53
5590,53
5591,53
5592,53
5593,53
5594,53
5595,53
5596,53
5597,53
5598,53
5599,53
5600,53
5601,53
5602,53
5603,53
5604,53
5605,53
5606,53
5607,53
5608,53
5609,78
5610,53
5611,53
5612,53
5613,53
5614,53
5615,53
5616,53
5617,53
5618,53
5619,78
5620,78
5621,78
5622,78
5623,78
5624,78
5625,78
5626,78
5627,78
5628,78
5629,78
5630,78
5631,97
5632,97
5633,78
5634,97
5635,97
5636,53
5637,53
5638,84
5639,84
5640,84
5641,84
5642,84
5643,84
5644,84
5645,84
5646,84
5647,84
5648,84
5649,84
5650,84
5651,84
5652,84
5653,84
5654,84
5655,84
5656,84
5657,84
5658,84
5659,84
5660,84
5661,84
5662,84
5663,84
5664,84
5665,84
5666,84
5667,84
5668,84
5669,84
5670,84
5671,84
5672,84
5673,84
5674,84
5675,84
5676,84
5677,84
5678,74
5679,74
5680,74
5681,74
5682,74
5683,74
5684,74
5685,74
5686,74
5687,74
5688,74
5689,74
5690,74
5691,74
5692,74
5693,74
5694,74
5695,74
5696,74
5697,74
5698,74
5699,74
5700,74
5701,74
5702,74
5703,74
5704,74
5705,74
5706,74
5707,74
5708,74
5709,74
5710,74
5711,74
5712,74
5713,74
5714,74
5715,74
5716,74
5717,74
5718,74
5719,74
5720,74
5721,74
5722,74
5723,74
5724,74
5725,74
5726,74
5727,74
5728,74
5729,74
5730,74
5731,74
5732,65
5733,65
5734,65
5735,65
5736,65
5737,65
5738,65
5739,65
5740,65
5741,65
5742,65
5743,65
5744,65
5745,65
5746,65
5747,65
5748,65
5749,65
5750,65
5751,65
5752,65
5753,65
5754,65
5755,65
5756,65
5757,65
5758,65
5759,65
5760,65
5761,65
5762,65
5763,65
5764,65
5765,65
5766,65
5767,65
5768,65
5769,65
5770,65
5771,65
5772,65
5773,65
5774,65
5775,65
5776,65
5777,65
5778,65
5779,65
5780,65
5781,65
5782,65
5783,65
5784,65
5785,65
5786,65
5787,65
5788,65
5789,65
5790,65
5791,65
5792,65
5793,65
5794,65
5795,65
5796,65
5797,65
5798,65
5799,65
5800,65
5801,65
5802,35
5803,35
5804,35
5805,35
5806,35
5807,35
5808,35
5809,44
5810,44
5811,11
5812,78
5813,78
5814,35
5815,35
5816,35
5817,35
5818,35
5819,35
5820,35
5821,35
5822,35
5823,35
5824,35
5825,35
5826,35
5827,35
5828,35
5829,35
5830,35
5831,35
5832,35
5833,35
5834,35
5835,35
5836,35
5837,35
5838,35
5839,35
5840,35
5841,35
5842,35
5843,71
5844,35
5845,35
5846,35
5847,35
5848,35
5849,71
5850,40
5851,40
5852,40
5853,40
5854,40
5855,23
5856,23
5857,80
5858,80
5859,23
5860,23
5861,23
5862,23
5863,23
5864,23
5865,23
5866,23
5867,23
5868,23
5869,23
5870,23
5871,23
5872,23
5873,23
5874,23
5875,23
5876,23
5877,23
5878,23
5879,23
5880,23
5881,23
5882,23
5883,23
5884,23
5885,23
5886,23
5887,23
5888,23
5889,23
5890,80
5891,80
5892,80
5893,80
5894,80
5895,80
5896,80
5897,80
5898,80
5899,80
5900,80
5901,23
5902,23
5903,23
5904,23
5905,80
5906,23
5907,23
5908,23
5909,23
5910,23
5911,23
5912,23
5913,23
5914,23
5915,23
5916,23
5917,23
5918,23
5919,23
5920,40
5921,40
5922,40
5923,40
5924,23
5925,23
5926,23
5927,23
5928,80
5929,80
5930,80
5931,23
5932,23
5933,23
5934,23
5935,23
5936,23
5937,23
5938,23
5939,23
5940,23
5941,23
5942,23
5943,23
5944,23
5945,23
5946,23
5947,23
5948,23
5949,23
5950,23
5951,80
5952,80
5953,23
5954,23
5955,23
5956,23
5957,80
5958,80
5959,80
5960,80
5961,80
5962,23
5963,23
5964,23
5965,80
5966,80
5967,80
5968,80
5969,80
5970,80
5971,80
5972,80
5973,80
5974,80
5975,80
5976,80
5977,23
5978,23
5979,23
5980,23
5981,23
5982,23
5983,32
5984,32
5985,32
5986,32
5987,32
5988,32
5989,32
5990,32
5991,32
5992,80
5993,80
5994,32
5995,32
5996,23
5997,23
5998,23
5999,23
6000,73
6001,73
6002,73
6003,73
6004,73
6005,73
6006,73
6007,73
6008,73
6009,73
6010,73
6011,73
6012,73
6013,73
6014,73
6015,73
6016,73
6017,73
6018,73
6019,73
6020,73
6021,73
6022,73
6023,73
6024,73
6025,73
6026,73
6027,73
6028,73
6029,73
6030,73
6031,73
6032,73
6033,73
6034,73
6035,73
6036,73
6037,73
6038,73
6039,73
6040,73
6041,73
6042,73
6043,73
6044,73
6045,73
6046,73
6047,24
6048,24
6049,24
6050,24
6051,24
6052,24
6053,24
6054,24
6055,24
6056,24
6057,54
6058,54
6059,54
6060,54
6061,24
6062,24
6063,24
6064,24
6065,24
6066,16
6067,16
6068,16
6069,16
6070,16
6071,16
6072,16
6073,16
6074,16
6075,16
6076,16
6077,16
6078,16
6079,16
6080,16
6081,16
6082,16
6083,16
6084,54
6085,54
6086,54
6087,54
6088,54
6089,54
6090,54
6091,54
6092,54
6093,54
6094,54
6095,54
6096,54
6097,54
6098,54
6099,54
6100,54
6101,54
6102,54
6103,54
6104,54
6105,54
6106,54
6107,54
6108,54
6109,54
6110,54
6111,54
6112,54
6113,54
6114,54
6115,54
6116,54
6117,54
6118,54
6119,54
6120,16
6121,16
6122,16
6123,16
6124,16
6125,16
6126,16
6127,16
6128,16
6129,16
6130,16
6131,16
6132,16
6133,16
6134,16
6135,16
6136,16
6137,16
6138,24
6139,24
6140,24
6141,24
6142,24
6143,24
6144,24
6145,24
6146,24
6147,16
6148,24
6149,24
6150,54
6151,54
6152,54
6153,54
6154,54
6155,54
6156,54
6157,54
6158,54
6159,54
6160,54
6161,54
6162,54
6163,54
6164,54
6165,54
6166,54
6167,54
6168,54
6169,54
6170,54
6171,54
6172,54
6173,54
6174,24
6175,24
6176,24
6177,24
6178,24
6179,24
6180,24
6181,24
6182,24
6183,24
6184,24
6185,24
6186,24
6187,24
6188,24
6189,24
6190,24
6191,24
6192,24
6193,24
6194,24
6195,24
6196,24
6197,24
6198,24
6199,24
6200,24
6201,24
6202,24
6203,24
6204,24
6205,24
6206,24
6207,24
6208,24
6209,24
6210,24
6211,24
6212,24
6213,24
6214,24
6215,24
6216,24
6217,24
6218,24
6219,24
6220,24
6221,24
6222,54
6223,54
6224,54
6225,24
6226,24
6227,7
6228,7
6229,7
6230,7
6231,3
6232,21
6233,21
6234,21
6235,21
6236,21
6237,21
6238,21
6239,3
6240,21
6241,57
6242,3
6243,3
6244,3
6245,3
6246,3
6247,3
6248,3
6249,3
6250,3
6251,3
6252,3
6253,3
6254,3
6255,57
6256,3
6257,3
6258,3
6259,3
6260,3
6261,3
6262,3
6263,3
6264,57
6265,3
6266,21
6267,21
6268,21
6269,47
6270,47
6271,47
6272,47
6273,14
6274,14
6275,14
6276,14
6277,14
6278,47
6279,14
6280,47
6281,47
6282,47
6283,47
6284,47
6285,47
6286,47
6287,47
6288,47
6289,47
6290,47
6291,47
6292,47
6293,47
6294,47
6295,14
6296,14
6297,14
6298,14
6299,14
6300,14
6301,14
6302,14
6303,14
6304,14
6305,14
6306,3
6307,54
6308,54
6309,54
6310,54
6311,24
6312,24
6313,47
6314,47
6315,3
6316,3
6317,3
6318,3
6319,3
6320,3
6321,3
6322,4
6323,4
6324,4
6325,4
6326,4
6327,4
6328,4
6329,4
6330,4
6331,4
6332,47
6333,47
6334,47
6335,47
6336,47
6337,47
6338,47
6339,47
6340,47
6341,47
6342,47
6343,47
6344,47
6345,47
6346,14
6347,47
6348,47
6349,47
6350,47
6351,47
6352,47
6353,47
6354,47
6355,21
6356,21
6357,21
6358,21
6359,21
6360,21
6361,21
6362,21
6363,21
6364,21
6365,21
6366,21
6367,21
6368,21
6369,21
6370,21
6371,21
6372,21
6373,21
6374,21
6375,21
6376,21
6377,21
6378,47
6379,47
6380,47
6381,47
6382,47
6383,47
6384,47
6385,47
6386,47
6387,47
6388,47
6389,47
6390,47
6391,47
6392,47
6393,47
6394,47
6395,21
6396,7
6397,7
6398,7
6399,7
6400,7
6401,7
6402,7
6403,7
6404,7
6405,7
6406,7
6407,14
6408,14
6409,14
6410,14
6411,4
6412,14
6413,14
6414,14
6415,14
6416,14
6417,14
6418,7
6419,7
6420,7
6421,7
6422,7
6423,7
6424,7
6425,7
6426,7
6427,7
6428,7
6429,7
6430,7
6431,7
6432,7
6433,7
6434,47
6435,47
6436,47
6437,3
6438,3
6439,3
6440,3
6441,3
6442,3
6443,3
6444,3
6445,3
6446,3
6447,3
6448,3
6449,7
6450,7
6451,7
6452,7
6453,3
6454,7
6455,7
6456,7
6457,7
6458,7
6459,3
6460,7
6461,3
6462,3
6463,7
6464,14
6465,14
6466,14
6467,14
6468,14
6469,14
6470,14
6471,14
6472,14
6473,14
6474,14
6475,14
6476,14
6477,14
6478,14
6479,14
6480,14
6481,14
6482,14
6483,14
6484,14
6485,14
6486,14
6487,14
6488,14
6489,14
6490,14
6491,14
6492,14
6493,14
6494,14
6495,14
6496,14
6497,14
6498,14
6499,57
6500,57
6501,57
6502,57
6503,57
6504,57
6505,57
6506,57
6507,57
6508,57
6509,57
6510,57
6511,57
6512,57
6513,57
6514,57
6515,57
6516,57
6517,57
6518,57
6519,14
6520,14
6521,14
6522,14
6523,14
6524,14
6525,47
6526,47
6527,47
6528,47
6529,47
6530,47
6531,47
6532,47
6533,47
6534,47
6535,47
6536,7
6537,7
6538,7
6539,7
6540,7
6541,7
6542,7
6543,7
6544,7
6545,7
6546,7
6547,4
6548,4
6549,4
6550,4
6551,4
6552,57
6553,57
6554,57
6555,57
6556,57
6557,57
6558,57
6559,57
6560,57
6561,57
6562,4
6563,57
6564,57
6565,4
6566,4
6567,4
6568,4
6569,4
6570,4
6571,4
6572,4
6573,4
6574,4
6575,4
6576,57
6577,57
6578,57
6579,57
6580,57
6581,4
6582,4
6583,4
6584,4
6585,4
6586,57
6587,57
6588,57
6589,4
6590,4
6591,4
6592,4
6593,4
6594,4
6595,4
6596,4
6597,4
6598,4
6599,4
6600,4
6601,4
6602,4
6603,4
6604,4
6605,4
6606,4
6607,4
6608,4
6609,4
6610,4
6611,4
6612,4
6613,4
6614,4
6615,9
6616,9
6617,9
6618,9
6619,9
6620,9
6621,9
6622,9
6623,9
6624,9
6625,9
6626,9
6627,9
6628,9
6629,9
6630,9
6631,9
6632,9
6633,9
6634,9
6635,9
6636,9
6637,9
6638,9
6639,9
6640,9
6641,9
6642,9
6643,9
6644,9
6645,9
6646,9
6647,9
6648,9
6649,9
6650,9
6651,9
6652,9
6653,9
6654,9
6655,9
6656,9
6657,9
6658,9
6659,9
6660,9
6661,9
6662,9
6663,9
6664,9
6665,9
6666,70
6667,70
6668,70
6669,9
6670,9
6671,9
6672,9
6673,9
6674,9
6675,9
6676,9
6677,9
6678,9
6679,9
6680,9
6681,9
6682,9
6683,9
6684,9
6685,9
6686,9
6687,9
6688,9
6689,9
6690,9
6691,9
6692,9
6693,9
6694,9
6695,9
6696,9
6697,9
6698,9
6699,9
6700,9
6701,9
6702,9
6703,9
6704,9
6705,9
6706,9
6707,9
6708,9
6709,9
6710,9
6711,9
6712,9
6713,9
6714,85
6715,85
6716,85
6717,85
6718,85
6719,85
6720,85
6721,85
6722,85
6723,85
6724,85
6725,85
6726,85
6727,85
6728,85
6729,85
6730,85
6731,85
6732,85
6733,85
6734,85
6735,85
6736,85
6737,85
6738,85
6739,85
6740,85
6741,85
6742,85
6743,85
6744,85
6745,85
6746,85
6747,85
6748,85
6749,85
6750,85
6751,85
6752,85
6753,85
6754,85
6755,85
6756,85
6757,77
6758,77
6759,77
6760,77
6761,77
6762,77
6763,77
6764,77
6765,77
6766,77
6767,15
6768,15
6769,77
6770,77
6771,77
6772,30
6773,30
6774,30
6775,30
6776,30
6777,30
6778,30
6779,30
6780,30
6781,30
6782,30
6783,30
6784,30
6785,30
6786,30
6787,30
6788,30
6789,30
6790,15
6791,15
6792,30
6793,15
6794,15
6795,15
6796,30
6797,30
6798,30
6799,30
6800,30
6801,15
6802,30
6803,30
6804,15
6805,15
6806,15
6807,15
6808,4
6809,47
6810,14
6811,47
6812,4
6813,9
6814,9
6815,30
6816,30
6817,30
6818,30
6819,30
6820,30
6821,30
6822,30
6823,30
6824,30
6825,15
6826,30
6827,30
6828,30
6829,30
6830,30
6831,30
6832,30
6833,30
6834,30
6835,30
6836,30
6837,30
6838,30
6839,15
6840,30
6841,30
6842,30
6843,30
6844,30
6845,30
6846,30
6847,30
6848,30
6849,30
6850,30
6851,30
6852,30
6853,30
6854,30
6855,30
6856,30
6857,30
6858,30
6859,30
6860,30
6861,30
6862,30
6863,30
6864,30
6865,30
6866,30
6867,30
6868,30
6869,30
6870,77
6871,77
6872,77
6873,77
6874,77
6875,77
6876,77
6877,77
6878,77
6879,77
6880,77
6881,77
6882,77
6883,77
6884,49
6885,49
6886,49
6887,49
6888,49
6889,49
6890,49
6891,49
6892,49
6893,49
6894,49
6895,49
6896,49
6897,49
6898,49
6899,49
6900,49
6901,49
6902,49
6903,49
6904,49
6905,77
6906,77
6907,49
6908,77
6909,77
6910,77
6911,77
6912,77
6913,49
6914,49
6915,49
6916,49
6917,49
6918,49
6919,49
6920,49
6921,49
6922,49
6923,49
6924,49
6925,49
6926,49
6927,49
6928,77
6929,49
6930,49
6931,77
6932,77
6933,77
6934,77
6935,77
6936,77
6937,77
6938,77
6939,77
6940,77
6941,77
6942,77
6943,77
6944,77
6945,77
6946,77
6947,77
6948,77
6949,77
6950,77
6951,77
6952,77
6953,77
6954,77
6955,77
6956,77
6957,77
6958,77
6959,77
6960,77
6961,46
6962,46
6963,46
6964,46
6965,46
6966,46
6967,46
6968,46
6969,82
6970,82
6971,82
6972,46
6973,46
6974,46
6975,46
6976,46
6977,46
6978,46
6979,46
6980,46
6981,46
6982,46
6983,82
6984,46
6985,82
6986,29
6987,29
6988,46
6989,29
6990,29
6991,29
6992,46
6993,46
6994,46
6995,46
6996,46
6997,46
6998,29
6999,29
7000,29
7001,29
7002,46
7003,46
7004,46
7005,46
7006,46
7007,46
7008,46
7009,46
7010,46
7011,82
7012,82
7013,82
7014,82
7015,82
7016,82
7017,82
7018,82
7019,82
7020,82
7021,82
7022,82
7023,82
7024,46
7025,46
7026,46
7027,29
7028,46
7029,46
7030,46
7031,82
7032,82
7033,82
7034,82
7035,82
7036,82
7037,82
7038,82
7039,82
7040,82
7041,82
7042,82
7043,46
7044,46
7045,46
7046,46
7047,46
7048,46
7049,82
7050,82
7051,82
7052,82
7053,46
7054,46
7055,46
7056,46
7057,46
7058,46
7059,46
7060,46
7061,46
7062,46
7063,46
7064,46
7065,46
7066,46
7067,46
7068,46
7069,46
7070,82
7071,46
7072,46
7073,46
7074,62
7075,30
7076,30
7077,77
7078,49
